0 4 999 999 999 999 999 8 999
4 0 8 999 999 999 999 11 999 
999 8 0 7 999 4 999 999 2
999 999 7 0 9 14 999 999 999
999 999 999 9 0 10 999 999 999
999 999 4 14 10 0 2 999 999
999 999 999 999 999 2 0 1 6
8 11 999 999 999 999 1 0 7
999 999 2 999 999 999 6 7 0



           

Parent array:

 0   1   2   3   4   5   6   7   8
__________________________________
-1  -1  -1  -1  -1  -1   7  -1  -1
-1  -1   8  -1  -1  -1   7  -1  -1
-1  -1   8  -1  -1   7   7  -1  -1 
 1  -1   8  -1  -1   7   7  -1  -1
 1  -1   7  -1  -1   7   7  -1   7
 1  -1   3  -1  -1   7   7   3   7
 3   3   3  -1  -1   7   7   3   7
 3   3   3   4  -1   7   7   3   7